((("zeros" .
   [1 0 0 0 0])
  ("ModelPath" .
   [1 0 0 0 0 0 0 0 0])
  ("asdfa" .
   [0 0 1 1 0])
  ("curr_time_" .
   [0 0 0 1 1 0 0 0 0 0])
  ("sin" .
   [2 0 0])
  ("jpos_des" .
   [1 0 0 0 0 0 1 0])
  ("jpos_init_" .
   [2 0 0 0 0 0 0 0 0 1])
  ("xddot_hand" .
   [2 0 0 0 0 0 0 4 0 0])
  ("xddot_jpos" .
   [0 0 0 0 1 0 0 0 1 0])
  ("Nc_hand" .
   [0 0 0 0 1 1 0])
  ("Nc_cm" .
   [1 0 0 0 0])
  ("J_tmp" .
   [1 0 0 0 1])
  ("J_hand_inv" .
   [1 0 0 0 0 0 0 0 2 1])
  ("J_hand" .
   [3 0 0 0 0 2])
  ("GetForce" .
   [1 0 0 0 0 0 0 0])
  ("jtorque" .
   [1 0 0 0 0 0 0])
  ("delete" .
   [0 0 0 0 1 0])
  ("second" .
   [2 0 0 0 0 0])
  ("SetForce" .
   [0 0 0 0 0 0 1 0])
  ("GetVelocity" .
   [0 0 0 0 1 0 0 0 0 0 0])
  ("jvel" .
   [1 0 0 0])
  ("offset_" .
   [1 0 0 0 0 0 0])
  ("offset" .
   [1 0 0 0 0 0])
  ("leftElbowPitch" .
   [0 0 0 0 0 1 0 0 0 0 0 0 0 0])
  ("rightElbowPitch" .
   [0 0 0 0 0 1 0 3 0 0 0 0 0 0 0])
  ("Radian" .
   [0 0 0 0 1 0])
  ("GetAngle" .
   [0 0 0 0 0 0 1 0])
  ("first" .
   [2 0 0 0 0])
  ("GetJoint" .
   [1 0 0 0 0 0 0 0])
  ("model" .
   [1 0 0 0 0])
  ("jpos" .
   [2 0 0 0])
  ("end" .
   [1 0 0])
  ("idx_iter" .
   [1 0 0 1 2 2 0 0])
  ("begin" .
   [1 0 0 0 0])
  ("joint_idx_map" .
   [0 0 0 0 0 0 0 1 1 0 0 0 0])
  ("interface" .
   [0 0 0 0 0 0 1 1 1])
  ("iterator" .
   [0 0 0 0 0 1 0 0])
  ("in" .
   [3 0])
  ("string" .
   [1 0 0 0 0 0])
  ("map" .
   [1 0 0])
  ("i" .
   [1])
  ("def" .
   [2 0 0])
  ("ini_jpos" .
   [0 0 0 0 1 0 0 0])
  ("Jc" .
   [3 0])
  ("Jstar" .
   [0 0 0 1 0])
  ("UNcBar" .
   [0 0 0 0 1 0])
  ("phi" .
   [1 0 0])
  ("phi_inv" .
   [1 0 0 0 0 1 0])
  ("UNc" .
   [5 0 0])
  ("grav" .
   [1 0 0 0])
  ("q" .
   [1])
  ("JtcBar" .
   [1 0 0 0 0 1])
  ("LambdaT" .
   [3 0 0 0 0 0 0])
  ("LambdaT_inv" .
   [0 0 0 0 0 0 0 0 0 1 0])
  ("Jtc" .
   [5 0 0])
  ("Jt" .
   [1 0])
  ("J" .
   [3])
  ("Identity" .
   [0 0 1 0 2 1 0 0])
  ("tail" .
   [1 0 0 0])
  ("grav_projected" .
   [0 0 0 0 0 0 1 0 0 0 0 0 0 0])
  ("torque" .
   [0 0 0 0 0 1])
  ("Lambda" .
   [0 0 0 0 3 0])
  ("JcBar" .
   [0 0 0 1 0])
  ("inverse" .
   [3 0 0 0 0 0 0])
  ("Lambda_inv" .
   [0 0 0 0 0 0 0 0 1 0])
  ("Matrix" .
   [25 0 1 1 0 0])
  ("transpose" .
   [0 0 0 1 5 2 0 1 0])
  ("Ainv" .
   [8 0 0 0])
  ("IP_ADDR_MYSELF" .
   [0 0 0 0 0 0 0 0 0 0 1 0 0 0])
  ("IP_ADDR" .
   [2 0 0 1 1 0 0])
  ("define" .
   [2 0 0 0 0 0])
  ("SERVO_RATE" .
   [0 0 0 1 0 0 0 0 0 0])
  ("cp_des_acc" .
   [1 0 0 0 0 0 0 0 0 0])
  ("act_cp" .
   [1 0 0 0 0 0])
  ("vel_act" .
   [1 0 0 0 0 0 0])
  ("cp_des" .
   [2 0 0 0 0 3])
  ("com_init_" .
   [0 0 0 0 0 0 1 0 0])
  ("vel_des" .
   [2 0 0 0 0 0 2])
  ("des" .
   [2 0 0])
  ("com_vel" .
   [3 0 0 0 0 0 2])
  ("act" .
   [1 0 0])
  ("Vector" .
   [13 0 0 0 0 3])
  ("head" .
   [5 0 0 0])
  ("vel_act_cp" .
   [2 0 0 0 0 0 0 0 0 0])
  ("CoM_XY_task_" .
   [0 0 0 0 0 0 0 0 0 1 0 0])
  ("Task" .
   [1 0 0 0])
  ("push_back" .
   [0 0 0 0 0 1 0 0 0])
  ("task_array" .
   [0 0 0 0 0 0 0 0 0 1])
  ("Jfull" .
   [0 0 1 1 0])
  ("Jc_" .
   [3 0 0])
  ("Linear_Contact_Both" .
   [0 0 0 0 0 0 0 0 0 0 0 1 0 0 0 0 0 0 0])
  ("NUM_QDOT" .
   [4 0 0 0 6 10 8 0])
  ("NUM_Q" .
   [1 0 0 0 0])
  ("block" .
   [1 0 8 3 1])
  ("Linear" .
   [1 0 0 0 0 0])
  ("Fixed_Constraint" .
   [0 0 0 0 0 0 0 0 1 0 0 0 0 0 0 0])
  ("atoll" .
   [1 0 0 0 0])
  ("//bin/" .
   [0 0 1 0 0 0])
  ("cua-mode" .
   [0 0 0 1 0 0 0 0])
  ("export" .
   [1 0 0 0 0 0])
  ("global-linum-mode" .
   [0 0 0 0 0 0 0 0 0 0 1 0 0 0 0 0 0])
  ("C-up" .
   [1 0 0 0])
  ("C-down" .
   [1 0 0 0 0 0])
  ("_PreProcessing_Command" .
   [0 0 1 0 1 0 0 0 0 0 0 0 0 0 0 0 0 0 0 0 0 0])
  ("ValkyrieController" .
   [0 0 0 0 0 0 0 0 0 2 0 0 0 0 0 0 0 0])
  ("gamma" .
   [3 0 1 0 0])
  ("setZero" .
   [2 0 0 0 2 2 0])
  ("include" .
   [3 0 0 0 0 0 0])
  ("torque_command_" .
   [4 0 0 0 0 0 0 0 0 0 0 0 0 0 0])
  ("sejong" .
   [65 0 1 2 0 0])
  ("pretty_print" .
   [1 0 0 4 11 1 0 0 0 0 0 2])
  ("std" .
   [20 0 0])
  ("cout" .
   [17 0 0 0])
  ("torque_command" .
   [1 0 0 0 0 0 0 0 0 0 0 1 0 2])
  ("printf" .
   [8 0 0 0 0 0])
  ("count_" .
   [1 0 0 0 0 0])
  ("interface_" .
   [4 0 0 0 0 0 0 0 0 0])
  ("NUM_ACT_JOINT" .
   [0 0 0 0 0 3 11 0 0 0 0 0 0])
  ("jpos_ini_" .
   [1 0 0 0 0 0 0 0 1])
  ("sp_" .
   [12 0 0])
  ("Q_" .
   [9 0])
  ("NUM_VIRTUAL" .
   [1 0 0 0 0 12 0 0 0 0 0])
  ("ControlSystem" .
   [0 0 0 0 0 0 0 0 1 0 0 0 0])
  ("ValkyrieModel" .
   [0 0 0 0 0 1 0 0 0 0 0 1 0])
  ("utils" .
   [1 0 0 0 0])
  ("utilities" .
   [0 0 0 0 1 0 0 0 0])
  ("root_link_pose" .
   [0 0 0 0 0 0 1 1 1 0 0 0 0 1])
  ("pos" .
   [7 0 0])
  ("Vect3" .
   [5 0 0 0 0])
  ("Quaternion" .
   [0 0 2 1 0 0 0 0 0 0])
  ("rot" .
   [3 0 1])
  ("body_pos" .
   [1 0 0 0 0 1 0 0])
  ("body_ori" .
   [1 0 0 0 0 0 0 0])
  ("err" .
   [4 0 0])
  ("qddot_full" .
   [1 0 0 0 0 0 0 0 0 0])
  ("initial" .
   [0 0 0 2 0 1 0])
  ("initial_height_" .
   [0 0 0 0 0 0 0 0 0 3 0 0 0 0 0])
  ("SIM_LK_LowerNeckExtensor" .
   [2 0 0 0 0 0 0 0 0 0 0 0 3 0 0 0 0 0 0 0 0 0 0 0])
  ("SR_PI" .
   [0 0 0 4 0])
  ("SR_PI_HALF" .
   [1 0 0 0 0 0 2 2 0 0])
  ("px3" .
   [5 0 0])
  ("pz3" .
   [4 0 0])
  ("py3" .
   [5 0 0])
  ("lz3" .
   [3 0 0])
  ("ly3" .
   [3 0 0])
  ("lx3" .
   [3 0 0])
  ("SIM_LK_NeckRotator" .
   [1 0 0 0 0 0 0 0 1 0 0 3 1 0 0 0 0 0])
  ("pz2" .
   [1 0 0])
  ("lz2" .
   [1 0 0])
  ("SIM_NeckRotator" .
   [0 0 0 0 0 0 0 2 2 0 1 0 0 0 0])
  ("SIM_LK_Head" .
   [1 0 0 0 0 0 0 0 0 2 1])
  ("pz4" .
   [3 0 0])
  ("py4" .
   [3 0 0])
  ("px4" .
   [3 0 0])
  ("SIM_UpperNeckExtensor" .
   [2 0 0 0 0 2 2 0 0 1 0 0 0 0 0 0 0 0 0 0 0])
  ("lx1" .
   [1 0 0])
  ("px1" .
   [1 0 0])
  ("ly1" .
   [1 0 0])
  ("py1" .
   [1 0 0])
  ("lx2" .
   [1 0 0])
  ("px2" .
   [1 0 0])
  ("ly2" .
   [1 0 0])
  ("py2" .
   [2 0 0])
  ("lz4" .
   [1 0 0])
  ("ly4" .
   [1 0 0])
  ("lx4" .
   [1 0 0])
  ("p" .
   [1])
  ("_SetLinkShape_Cylinder" .
   [0 0 0 0 0 0 0 0 0 0 0 0 0 0 1 1 1 0 0 0 0 0])
  ("srGeometryInfo" .
   [0 0 0 0 1 0 0 0 0 0 0 0 0 0])
  ("CylinderInertia" .
   [0 0 1 0 0 0 0 0 0 0 0 0 0 0 0])
  ("CYLINDER" .
   [0 0 1 1 0 0 0 0])
  ("s" .
   [3])
  ("T" .
   [1])
  ("_SetLinkShape" .
   [1 0 0 0 0 0 0 0 0 0 0 0 0])
  ("pseudo" .
   [0 0 0 3 0 0])
  ("pseudoInverse" .
   [0 0 0 1 0 0 0 3 0 0 0 0 0])
  ("Aug_Mtx" .
   [0 0 0 0 2 2 0])
  ("Aug_Mtx_inv" .
   [1 0 0 0 0 0 0 0 0 1 0])
  ("full_torque" .
   [1 0 0 0 0 0 0 0 0 0 0])
  ("Nc_sum" .
   [0 0 0 1 0 0])
  ("Nc_sum_" .
   [2 0 1 0 0 0 0])
  ("J_com" .
   [2 0 0 0 0])
  ("J_com_inv" .
   [2 0 0 0 0 1 1 0 0])
  ("J_jpos" .
   [4 0 0 4 1 0])
  ("U_" .
   [1 0])
  ("J_jpos_inv" .
   [1 0 0 0 0 0 0 1 0 1])
  ("qddot_" .
   [1 0 0 2 0 0])
  ("segment" .
   [0 0 0 1 0 0 0])
  ("jpos_des_" .
   [1 0 0 0 0 2 0 1 0])
  ("RF_Ctrl" .
   [0 0 0 1 0 0 0])
  ("rf_ctrl_" .
   [1 0 0 0 0 0 0 0])
  ("Nc_com" .
   [1 0 0 0 0 0])
  ("Nc_jpos" .
   [0 0 0 0 1 0 0])
  ("sol" .
   [2 0 0])
  ("idx" .
   [3 0 0])
  ("Pos" .
   [2 0 0])
  ("PVA" .
   [2 0 1])
  ("rows" .
   [1 0 0 0])
  ("obj" .
   [2 0 0])
  ("Minimize" .
   [0 0 0 0 1 0 0 0])
  ("y_4" .
   [2 0 0])
  ("y_actual_k" .
   [0 0 0 0 2 1 0 0 0 0])
  ("prob" .
   [2 0 0 0])
  ("Problem" .
   [1 0 0 0 0 0 0])
  ("constraint" .
   [0 0 0 0 0 0 0 1 0 0])
  ("constraints" .
   [1 0 0 0 0 0 0 0 0 0 0])
  ("solve" .
   [1 0 0 0 0])
  ("delta" .
   [1 0 0 0 0])
  ("delta_k" .
   [1 0 0 0 0 0 0])
  ("u8_k" .
   [2 0 0 0])
  ("y4_kp1" .
   [0 0 0 0 1 0])
  ("xi_curr" .
   [1 0 0 0 0 2 0])
  ("self" .
   [2 0 0 0])
  ("state_dim" .
   [1 0 0 0 0 0 0 0 0])
  ("reshape" .
   [0 0 0 1 0 0 0])
  ("ctrl_dim" .
   [0 0 0 0 0 0 1 0])
  ("xi_4" .
   [1 0 0 0])
  ("xi_10" .
   [1 0 0 0 0])
  ("xi_11" .
   [1 0 0 0 0])
  ("xi" .
   [1 0])
  ("xi_8" .
   [1 0 0 0])
  ("eta_k1" .
   [1 0 0 0 0 0])
  ("y_2_seq" .
   [0 0 0 2 1 0 0])
  ("append" .
   [1 0 0 0 0 0])
  ("np" .
   [3 0])
  ("array" .
   [1 0 0 0 0])
  ("hand_vel" .
   [3 0 0 0 0 0 0 0])
  ("_DesHandAcc" .
   [0 0 0 0 0 1 0 0 0 0 0])
  ("getVelocity" .
   [0 0 0 0 0 0 0 1 0 0 0])
  ("cp_" .
   [1 0 0])
  ("capture_pt" .
   [1 0 0 0 0 0 0 0 2 1])
  ("com_pos" .
   [1 0 0 0 1 2 3])
  ("capture" .
   [0 0 0 1 0 0 0])
  ("com_pos_" .
   [1 0 0 0 0 0 0 0])
  ("com_des" .
   [1 0 0 0 0 0 0])
  ("qddot" .
   [1 0 0 0 0])
  ("DS_NUM_FR" .
   [0 0 0 0 1 0 0 0 0])
  ("DS_RF_cal_" .
   [0 0 0 0 1 0 0 0 0 0])
  ("getCMAcc" .
   [0 0 0 0 0 1 0 0])
  ("cm_acc_" .
   [0 0 0 1 1 0 0])
  ("des_cm_conf" .
   [0 0 0 0 0 0 0 0 0 1 0])
  ("com_ini_" .
   [1 0 0 0 0 0 0 0])
  ("J_task_list_" .
   [0 0 0 0 1 0 0 0 0 0 0 0])
  ("JtaskNull" .
   [0 0 0 1 0 0 0 0 0])
  ("qddot_pre" .
   [0 0 0 0 0 0 0 1 0])
  ("F_cm_" .
   [1 0 0 0 0])
  ("Fr" .
   [1 0])
  ("figure" .
   [1 0 0 0 0 0])
  ("ax" .
   [2 0])
  ("size" .
   [2 0 0 0])
  ("sqrt" .
   [1 0 0 0])
  ("des_vel" .
   [0 0 0 0 0 1 0])
  ("x_offset" .
   [0 0 0 2 2 0 0 0])
  ("DS_period" .
   [0 0 0 0 0 3 0 0 0])
  ("j" .
   [1])))
